{
    "👆": {
        "name": "👆",
        "left": [{
            "isTracked": true,
            "name": "wrist",
            "transformArray": [
                [1, 0, 0, 0],
                [0, 1, 0, 0],
                [0, 0, 1, 0],
                [0, 0, 0, 1]
            ]
        }, {
            "isTracked": true,
            "transformArray": [
                [0.8802996, 0.1813971, -0.43836883, 0],
                [0.4104809, 0.1720492, 0.89549106, 0],
                [0.23786062, -0.96824276, 0.07699486, 0],
                [0.024839604, 0.011390129, -0.02067398, 0.9999999]
            ],
            "name": "thumbKnuckle"
        }, {
            "transformArray": [
                [0.99524164, 0.06573337, -0.07192308, 0],
                [0.06418544, 0.1130713, 0.99151146, 0],
                [0.07330793, -0.99140996, 0.10831417, 0],
                [0.070898436, 0.019841712, -0.044110548, 0.9999999]
            ],
            "name": "thumbIntermediateBase",
            "isTracked": true
        }, {
            "transformArray": [
                [0.89777386, 0.021197455, -0.43994594, 0],
                [0.43356383, 0.13348095, 0.8911818, 0],
                [0.07761524, -0.99082446, 0.11064536, 0],
                [0.10282174, 0.021541696, -0.046582796, 0.9999999]
            ],
            "isTracked": true,
            "name": "thumbIntermediateTip"
        }, {
            "transformArray": [
                [0.897774, 0.021197427, -0.43994594, 0],
                [0.4335639, 0.133481, 0.8911818, 0],
                [0.077615246, -0.9908244, 0.110645354, 0],
                [0.12917882, 0.021542262, -0.059813187, 0.9999998]
            ],
            "name": "thumbTip",
            "isTracked": true
        }, {
            "name": "indexFingerMetacarpal",
            "isTracked": true,
            "transformArray": [
                [0.98882276, 0.00048737883, -0.14909366, 0],
                [-0.0013956632, 0.999981, -0.0059869834, 0],
                [0.14908797, 0.0061281254, 0.9888049, 0],
                [0.026391188, -0.00043331608, -0.018184561, 0.9999999]
            ]
        }, {
            "isTracked": true,
            "name": "indexFingerKnuckle",
            "transformArray": [
                [0.98675746, -0.025391635, 0.16020109, 0],
                [0.027095359, 0.99959683, -0.008459107, 0],
                [-0.15992177, 0.012687816, 0.9870479, 0],
                [0.09723916, -0.0011844537, -0.02926168, 0.99999976]
            ]
        }, {
            "isTracked": true,
            "transformArray": [
                [0.9703852, -0.18046825, 0.16057315, 0],
                [0.18012908, 0.98349965, 0.016788347, 0],
                [-0.16095336, 0.012632719, 0.98688126, 0],
                [0.14096297, -0.0025372705, -0.022260385, 0.99999976]
            ],
            "name": "indexFingerIntermediateBase"
        }, {
            "name": "indexFingerIntermediateTip",
            "isTracked": true,
            "transformArray": [
                [0.9491387, -0.26940078, 0.1629698, 0],
                [0.26791507, 0.9629293, 0.031449154, 0],
                [-0.16540076, 0.013812432, 0.98612976, 0],
                [0.16530028, -0.007139943, -0.01826277, 0.99999976]
            ]
        }, {
            "name": "indexFingerTip",
            "isTracked": true,
            "transformArray": [
                [0.9491384, -0.2694007, 0.16296978, 0],
                [0.26791492, 0.9629291, 0.03144918, 0],
                [-0.1654008, 0.013812424, 0.9861297, 0],
                [0.1870459, -0.013348873, -0.014541396, 0.99999976]
            ]
        }, {
            "name": "middleFingerMetacarpal",
            "isTracked": true,
            "transformArray": [
                [0.9999426, 0.00050751446, 0.010687641, 0],
                [-0.0004548352, 0.99998754, -0.004929872, 0],
                [-0.010690032, 0.00492469, 0.99993056, 0],
                [0.028370444, -0.00023527964, -0.0045469594, 0.9999999]
            ]
        }, {
            "name": "middleFingerKnuckle",
            "transformArray": [
                [0.5946858, 0.7920223, 0.13802029, 0],
                [-0.79190993, 0.606687, -0.06935238, 0],
                [-0.13866371, -0.068056785, 0.98799837, 0],
                [0.0959792, -0.0007011198, -0.004095842, 0.9999999]
            ],
            "isTracked": true
        }, {
            "name": "middleFingerIntermediateBase",
            "isTracked": true,
            "transformArray": [
                [-0.8206806, 0.5675028, -0.066512465, 0],
                [-0.5516327, -0.8172648, -0.16667204, 0],
                [-0.1489451, -0.100094035, 0.9837665, 0],
                [0.12527893, 0.03783547, 0.00236317, 0.9999999]
            ]
        }, {
            "transformArray": [
                [-0.97966987, -0.124156326, -0.15758239, 0],
                [0.1381228, -0.98709935, -0.08097458, 0],
                [-0.14549595, -0.1010941, 0.9841802, 0],
                [0.10115321, 0.0544206, 0.00036280882, 0.9999999]
            ],
            "name": "middleFingerIntermediateTip",
            "isTracked": true
        }, {
            "transformArray": [
                [-0.9796698, -0.1241563, -0.15758233, 0],
                [0.13812275, -0.9870993, -0.08097458, 0],
                [-0.14549588, -0.10109407, 0.98418033, 0],
                [0.0804428, 0.051971037, -0.0028883254, 0.9999999]
            ],
            "isTracked": true,
            "name": "middleFingerTip"
        }, {
            "name": "ringFingerMetacarpal",
            "transformArray": [
                [0.98949677, 0.0004542529, 0.14455333, 0],
                [0.00010188667, 0.9999925, -0.0038404244, 0],
                [-0.14455394, 0.0038148155, 0.9894895, 0],
                [0.028507695, 0.0015395678, 0.009257253, 0.9999999]
            ],
            "isTracked": true
        }, {
            "name": "ringFingerKnuckle",
            "isTracked": true,
            "transformArray": [
                [0.38988975, 0.9208491, 0.0047971588, 0],
                [-0.9191819, 0.38948777, -0.058345042, 0],
                [-0.05559541, 0.018338652, 0.998285, 0],
                [0.09298202, 0.001276622, 0.01850478, 0.9999999]
            ]
        }, {
            "name": "ringFingerIntermediateBase",
            "isTracked": true,
            "transformArray": [
                [-0.9119588, 0.40584987, -0.06014341, 0],
                [-0.4072079, -0.91325897, 0.011819155, 0],
                [-0.05012966, 0.035269428, 0.9981198, 0],
                [0.109549634, 0.040052813, 0.018299457, 0.9999999]
            ]
        }, {
            "transformArray": [
                [-0.87145245, -0.48984975, -0.024851462, 0],
                [0.4879342, -0.8709713, 0.0576949, 0],
                [-0.049906727, 0.03815246, 0.9980247, 0],
                [0.08498955, 0.051011425, 0.016689697, 0.9999998]
            ],
            "name": "ringFingerIntermediateTip",
            "isTracked": true
        }, {
            "name": "ringFingerTip",
            "transformArray": [
                [-0.87145257, -0.48984984, -0.024851477, 0],
                [0.48793432, -0.8709715, 0.057694893, 0],
                [-0.04990672, 0.038152426, 0.9980247, 0],
                [0.06744425, 0.041438628, 0.01635667, 0.99999976]
            ],
            "isTracked": true
        }, {
            "isTracked": true,
            "transformArray": [
                [0.9738691, 0.00044427897, 0.22710888, 0],
                [0.0002681021, 0.9999949, -0.0031065415, 0],
                [-0.22710909, 0.0030862077, 0.9738642, 0],
                [0.027505921, 0.0033538737, 0.02518579, 0.9999999]
            ],
            "name": "littleFingerMetacarpal"
        }, {
            "transformArray": [
                [0.36801526, 0.9297319, -0.012767173, 0],
                [-0.9097514, 0.35720116, -0.21156478, 0],
                [-0.19213805, 0.089474015, 0.9772805, 0],
                [0.081571385, 0.0032352305, 0.03770138, 0.9999999]
            ],
            "isTracked": true,
            "name": "littleFingerKnuckle"
        }, {
            "isTracked": true,
            "transformArray": [
                [-0.7684035, 0.605733, -0.20650223, 0],
                [-0.61018014, -0.7907462, -0.048990365, 0],
                [-0.19296597, 0.088359155, 0.97721875, 0],
                [0.09410103, 0.03459243, 0.036929917, 0.9999999]
            ],
            "name": "littleFingerIntermediateBase"
        }, {
            "name": "littleFingerIntermediateTip",
            "isTracked": true,
            "transformArray": [
                [-0.92658585, -0.34544897, -0.14867237, 0],
                [0.3244981, -0.9341953, 0.14825657, 0],
                [-0.19010408, 0.08912852, 0.9777097, 0],
                [0.07956417, 0.0459162, 0.03295263, 0.9999998]
            ]
        }, {
            "transformArray": [
                [-0.9265856, -0.34544894, -0.14867234, 0],
                [0.32449806, -0.9341952, 0.14825651, 0],
                [-0.1901041, 0.08912849, 0.97770965, 0],
                [0.06300987, 0.039916225, 0.030399745, 0.99999976]
            ],
            "isTracked": true,
            "name": "littleFingerTip"
        }, {
            "isTracked": true,
            "transformArray": [
                [-0.93577725, -0.1918526, 0.2958267, 0],
                [-0.20171309, 0.9794404, -0.0028747253, 0],
                [-0.28919306, -0.06236226, -0.9552373, 0],
                [3.7252903e-09, 1.7881393e-07, 1.3411045e-07, 1]
            ],
            "name": "forearmWrist"
        }, {
            "isTracked": true,
            "name": "forearmArm",
            "transformArray": [
                [-0.9357772, -0.19185258, 0.29582667, 0],
                [-0.20171306, 0.9794403, -0.0028747169, 0],
                [-0.28919303, -0.062362246, -0.9552372, 0],
                [-0.26434138, -0.05678867, 0.083122045, 1]
            ]
        }],
        
    },
    "✌️": {
        "name": "✌️",
        "left": [{
            "isTracked": true,
            "transformArray": [
                [1, 0, 0, 0],
                [0, 1, 0, 0],
                [0, 0, 1, 0],
                [0, 0, 0, 1]
            ],
            "name": "wrist"
        }, {
            "isTracked": true,
            "transformArray": [
                [0.8112694, 0.5844633, -0.015632046, 0],
                [0.0115185175, 0.010754329, 0.9998756, 0],
                [0.5845589, -0.8113486, 0.0019925318, 0],
                [0.023717053, 0.011326054, -0.019695718, 0.99999994]
            ],
            "name": "thumbKnuckle"
        }, {
            "isTracked": true,
            "transformArray": [
                [0.71216685, 0.18624324, 0.6768541, 0],
                [-0.589319, -0.3653193, 0.7205861, 0],
                [0.38147226, -0.91206074, -0.1504116, 0],
                [0.06670199, 0.042269614, -0.020512791, 0.9999999]
            ],
            "name": "thumbIntermediateBase"
        }, {
            "isTracked": true,
            "transformArray": [
                [0.583553, 0.10855624, 0.80478626, 0],
                [-0.7178475, -0.39439592, 0.5737127, 0],
                [0.37968454, -0.91250575, -0.1522241, 0],
                [0.0901023, 0.048561633, 0.0017134801, 0.9999999]
            ],
            "name": "thumbIntermediateTip"
        }, {
            "name": "thumbTip",
            "isTracked": true,
            "transformArray": [
                [0.583553, 0.10855629, 0.8047862, 0],
                [-0.71784747, -0.3943959, 0.5737127, 0],
                [0.3796846, -0.9125058, -0.15222408, 0],
                [0.10753582, 0.052074455, 0.02570646, 0.9999999]
            ]
        }, {
            "isTracked": true,
            "transformArray": [
                [0.98969144, 0.004477692, -0.14314531, 0],
                [-0.0047214366, 0.9999878, -0.001363514, 0],
                [0.14313748, 0.002025301, 0.9897005, 0],
                [0.025326483, -7.2946896e-05, -0.017321454, 0.99999994]
            ],
            "name": "indexFingerMetacarpal"
        }, {
            "isTracked": true,
            "name": "indexFingerKnuckle",
            "transformArray": [
                [0.9274346, 0.28701526, -0.23976474, 0],
                [-0.29193437, 0.95631206, 0.01554035, 0],
                [0.23375024, 0.05558287, 0.9707065, 0],
                [0.095083684, 0.00027502506, -0.027417798, 0.9999999]
            ]
        }, {
            "name": "indexFingerIntermediateBase",
            "isTracked": true,
            "transformArray": [
                [0.9565957, 0.17533329, -0.23277043, 0],
                [-0.18316242, 0.98300564, -0.012281746, 0],
                [0.22666134, 0.054383475, 0.97245383, 0],
                [0.13704573, 0.013151737, -0.038269788, 0.9999998]
            ]
        }, {
            "name": "indexFingerIntermediateTip",
            "isTracked": true,
            "transformArray": [
                [0.9728127, 0.0393104, -0.22823103, 0],
                [-0.050916605, 0.9976798, -0.045187023, 0],
                [0.22592525, 0.055579264, 0.97255754, 0],
                [0.16105744, 0.017508062, -0.04411591, 0.99999976]
            ]
        }, {
            "name": "indexFingerTip",
            "isTracked": true,
            "transformArray": [
                [0.9728126, 0.03931057, -0.22823097, 0],
                [-0.0509167, 0.9976796, -0.045186948, 0],
                [0.22592518, 0.055579234, 0.97255725, 0],
                [0.18305323, 0.018376797, -0.049278613, 0.9999997]
            ]
        }, {
            "name": "middleFingerMetacarpal",
            "isTracked": true,
            "transformArray": [
                [0.99992824, 0.00456397, 0.011078663, 0],
                [-0.0045394166, 0.99998707, -0.0022441961, 0],
                [-0.01108877, 0.002193705, 0.999936, 0],
                [0.027258731, 3.5026915e-05, -0.0043461192, 0.99999994]
            ]
        }, {
            "transformArray": [
                [0.9712968, 0.22921747, 0.063576706, 0],
                [-0.22076721, 0.968179, -0.117859416, 0],
                [-0.088569075, 0.10044075, 0.99099284, 0],
                [0.09474654, 0.0005014929, -0.0036288719, 0.9999999]
            ],
            "name": "middleFingerKnuckle",
            "isTracked": true
        }, {
            "isTracked": true,
            "transformArray": [
                [0.97442585, 0.19587168, 0.11012681, 0],
                [-0.18427399, 0.97700953, -0.10721432, 0],
                [-0.12859528, 0.08417894, 0.98811764, 0],
                [0.14400937, 0.012225309, -0.00041816052, 0.9999998]
            ],
            "name": "middleFingerIntermediateBase"
        }, {
            "isTracked": true,
            "name": "middleFingerIntermediateTip",
            "transformArray": [
                [0.9579539, 0.26638442, 0.10659918, 0],
                [-0.25419137, 0.9602538, -0.115319796, 0],
                [-0.13308172, 0.0833745, 0.9875917, 0],
                [0.1729847, 0.018149948, 0.002840678, 0.99999976]
            ]
        }, {
            "isTracked": true,
            "name": "middleFingerTip",
            "transformArray": [
                [0.957954, 0.26638454, 0.106599025, 0],
                [-0.25419158, 0.96025383, -0.11531976, 0],
                [-0.13308154, 0.083374396, 0.9875918, 0],
                [0.19573155, 0.024554413, 0.005360917, 0.9999997]
            ]
        }, {
            "transformArray": [
                [0.9888532, 0.0043096724, 0.14883049, 0],
                [-0.003919854, 0.99998796, -0.0029124767, 0],
                [-0.14884126, 0.0022965588, 0.9888582, 0],
                [0.027408734, 0.0016799065, 0.008785179, 0.99999994]
            ],
            "name": "ringFingerMetacarpal",
            "isTracked": true
        }, {
            "name": "ringFingerKnuckle",
            "transformArray": [
                [0.6389444, 0.7683772, -0.036693934, 0],
                [-0.7691936, 0.63757503, -0.04288393, 0],
                [-0.009555861, 0.055625148, 0.99840575, 0],
                [0.09206905, 0.0022499056, 0.018444827, 0.9999999]
            ],
            "isTracked": true
        }, {
            "name": "ringFingerIntermediateBase",
            "isTracked": true,
            "transformArray": [
                [-0.90976626, 0.414467, -0.0232852, 0],
                [-0.4150839, -0.9075086, 0.06429042, 0],
                [0.0055147763, 0.06815458, 0.9976593, 0],
                [0.11821991, 0.033631623, 0.017005557, 0.9999999]
            ]
        }, {
            "transformArray": [
                [-0.93931746, -0.34200308, 0.026761109, 0],
                [0.3430442, -0.93683046, 0.0683292, 0],
                [0.0017018509, 0.07336302, 0.9973034, 0],
                [0.093972236, 0.044520948, 0.016438311, 0.9999999]
            ],
            "isTracked": true,
            "name": "ringFingerIntermediateTip"
        }, {
            "isTracked": true,
            "name": "ringFingerTip",
            "transformArray": [
                [-0.9393172, -0.34200323, 0.026761167, 0],
                [0.34304428, -0.93683046, 0.0683292, 0],
                [0.0017018509, 0.073363036, 0.9973034, 0],
                [0.07442152, 0.037382543, 0.016992461, 0.9999998]
            ]
        }, {
            "transformArray": [
                [0.9723594, 0.003970718, 0.23345417, 0],
                [-0.00331335, 0.9999891, -0.0032078652, 0],
                [-0.23346443, 0.0023456588, 0.9723621, 0],
                [0.026470214, 0.00337241, 0.023919215, 0.99999994]
            ],
            "name": "littleFingerMetacarpal",
            "isTracked": true
        }, {
            "name": "littleFingerKnuckle",
            "isTracked": true,
            "transformArray": [
                [0.25953382, 0.9367234, -0.23492813, 0],
                [-0.9512649, 0.20601393, -0.22946285, 0],
                [-0.16654482, 0.28303227, 0.9445397, 0],
                [0.07985173, 0.0039225314, 0.036631048, 0.99999994]
            ]
        }, {
            "name": "littleFingerIntermediateBase",
            "transformArray": [
                [-0.89319545, 0.3609346, -0.2681945, 0],
                [-0.4176443, -0.8869317, 0.19729556, 0],
                [-0.16665943, 0.2882333, 0.9429455, 0],
                [0.08897432, 0.036931667, 0.028415576, 0.9999998]
            ],
            "isTracked": true
        }, {
            "name": "littleFingerIntermediateTip",
            "transformArray": [
                [-0.8477213, -0.5301178, 0.018535325, 0],
                [0.50542194, -0.7966376, 0.3315375, 0],
                [-0.16098797, 0.29041952, 0.9432599, 0],
                [0.07286766, 0.043288022, 0.023639683, 0.9999998]
            ],
            "isTracked": true
        }, {
            "isTracked": true,
            "name": "littleFingerTip",
            "transformArray": [
                [-0.8477216, -0.5301176, 0.018535135, 0],
                [0.50542176, -0.7966379, 0.33153746, 0],
                [-0.16098803, 0.29041934, 0.94325984, 0],
                [0.05757293, 0.033713255, 0.023959639, 0.9999998]
            ]
        }, {
            "isTracked": true,
            "transformArray": [
                [-0.99765515, 0.013265474, -0.06714385, 0],
                [0.013655522, 0.9998925, -0.0053531975, 0],
                [0.067065604, -0.0062575624, -0.9977289, 0],
                [-1.4901161e-08, 0, 3.7252903e-09, 1]
            ],
            "name": "forearmWrist"
        }, {
            "transformArray": [
                [-0.99765515, 0.013265495, -0.067143865, 0],
                [0.013655551, 0.9998926, -0.005353189, 0],
                [0.06706562, -0.0062575666, -0.9977289, 0],
                [-0.26630428, 0.005888473, -0.01915777, 1.0000001]
            ],
            "name": "forearmArm",
            "isTracked": true
        }]
    },
    "✋": {
        "name": "✋",
        "left": [{
            "isTracked": true,
            "name": "wrist",
            "transformArray": [
                [1, 0, 0, 0],
                [0, 1, 0, 0],
                [0, 0, 1, 0],
                [0, 0, 0, 1]
            ]
        }, {
            "name": "thumbKnuckle",
            "isTracked": true,
            "transformArray": [
                [0.8383648, 0.09209332, -0.5372734, 0],
                [0.5140014, 0.1946416, 0.83541405, 0],
                [0.18151191, -0.9765413, 0.1158445, 0],
                [0.02463503, 0.012019753, -0.020184085, 0.9999999]
            ]
        }, {
            "isTracked": true,
            "transformArray": [
                [0.9855027, -0.024415672, -0.1678928, 0],
                [0.16960321, 0.16712621, 0.97123796, 0],
                [0.0043459656, -0.9856331, 0.16884433, 0],
                [0.07023393, 0.016875982, -0.049395125, 0.9999999]
            ],
            "name": "thumbIntermediateBase"
        }, {
            "isTracked": true,
            "transformArray": [
                [0.8962974, -0.07454836, -0.43714237, 0],
                [0.44345325, 0.1514151, 0.8834154, 0],
                [0.0003327955, -0.9856551, 0.16877165, 0],
                [0.10249127, 0.015855731, -0.05488211, 1]
            ],
            "name": "thumbIntermediateTip"
        }, {
            "transformArray": [
                [0.8962973, -0.07454836, -0.4371423, 0],
                [0.44345328, 0.15141508, 0.8834154, 0],
                [0.00033281447, -0.98565507, 0.16877164, 0],
                [0.12961388, 0.013373497, -0.06814671, 1]
            ],
            "name": "thumbTip",
            "isTracked": true
        }, {
            "transformArray": [
                [0.9915348, 0.002709964, -0.12981246, 0],
                [-0.0014888201, 0.9999536, 0.0095034465, 0],
                [0.12983228, -0.0092296675, 0.991493, 0],
                [0.026178481, 0.00020569563, -0.017768659, 0.9999999]
            ],
            "name": "indexFingerMetacarpal",
            "isTracked": true
        }, {
            "transformArray": [
                [0.9682713, -0.10885779, 0.22494583, 0],
                [0.1109346, 0.9938216, 0.003425178, 0],
                [-0.2239288, 0.02163782, 0.9743651, 0],
                [0.097329, 0.00015187263, -0.027089473, 0.9999999]
            ],
            "isTracked": true,
            "name": "indexFingerKnuckle"
        }, {
            "name": "indexFingerIntermediateBase",
            "isTracked": true,
            "transformArray": [
                [0.9546735, -0.19476913, 0.22508523, 0],
                [0.19452748, 0.98061603, 0.02347311, 0],
                [-0.22529392, 0.021376126, 0.9740562, 0],
                [0.1397388, -0.004833491, -0.017234128, 0.9999999]
            ]
        }, {
            "transformArray": [
                [0.94063145, -0.25481683, 0.22423339, 0],
                [0.25293088, 0.96675324, 0.037596248, 0],
                [-0.22635852, 0.021351423, 0.9738097, 0],
                [0.1634357, -0.009771676, -0.011645092, 0.9999999]
            ],
            "name": "indexFingerIntermediateTip",
            "isTracked": true
        }, {
            "isTracked": true,
            "transformArray": [
                [0.9406314, -0.2548168, 0.22423333, 0],
                [0.25293085, 0.9667533, 0.03759624, 0],
                [-0.22635846, 0.021351378, 0.9738099, 0],
                [0.18513355, -0.015731964, -0.0064702816, 0.9999998]
            ],
            "name": "indexFingerTip"
        }, {
            "isTracked": true,
            "name": "middleFingerMetacarpal",
            "transformArray": [
                [0.99995387, 0.002434836, 0.009271085, 0],
                [-0.002516954, 0.9999574, 0.008847107, 0],
                [-0.009249034, -0.008870032, 0.9999176, 0],
                [0.028146172, 6.8843365e-05, -0.004411243, 0.9999999]
            ]
        }, {
            "transformArray": [
                [0.96369, -0.17667401, 0.20021889, 0],
                [0.20165955, 0.9730286, -0.11201909, 0],
                [-0.17502782, 0.14832777, 0.97332597, 0],
                [0.0957073, 1.4603115e-05, -0.0038244352, 0.99999976]
            ],
            "isTracked": true,
            "name": "middleFingerKnuckle"
        }, {
            "isTracked": true,
            "name": "middleFingerIntermediateBase",
            "transformArray": [
                [0.9435935, -0.22465068, 0.24323338, 0],
                [0.25310683, 0.9630095, -0.09245923, 0],
                [-0.21346503, 0.1488081, 0.96555054, 0],
                [0.1428214, -0.008802056, 0.0059373267, 0.99999964]
            ]
        }, {
            "isTracked": true,
            "transformArray": [
                [0.9154861, -0.30837435, 0.2584372, 0],
                [0.3359788, 0.93931204, -0.06935543, 0],
                [-0.22136573, 0.15032347, 0.96353465, 0],
                [0.17073551, -0.015550557, 0.013121241, 0.99999964]
            ],
            "name": "middleFingerIntermediateTip"
        }, {
            "isTracked": true,
            "transformArray": [
                [0.9154862, -0.30837452, 0.25843725, 0],
                [0.33597887, 0.93931216, -0.06935532, 0],
                [-0.22136584, 0.15032338, 0.96353465, 0],
                [0.19255622, -0.022965517, 0.019275555, 0.9999995]
            ],
            "name": "middleFingerTip"
        }, {
            "name": "ringFingerMetacarpal",
            "transformArray": [
                [0.99338955, 0.0023043249, 0.114766926, 0],
                [-0.003263356, 0.99996096, 0.00816935, 0],
                [-0.114743605, -0.00848985, 0.9933585, 0],
                [0.028274478, 0.001483053, 0.009072669, 0.9999999]
            ],
            "isTracked": true
        }, {
            "transformArray": [
                [0.9627613, -0.19593744, 0.18627597, 0],
                [0.18858682, 0.9804253, 0.05657211, 0],
                [-0.19371429, -0.019336257, 0.98086697, 0],
                [0.09147776, 0.0014216603, 0.016298369, 0.9999999]
            ],
            "isTracked": true,
            "name": "ringFingerKnuckle"
        }, {
            "name": "ringFingerIntermediateBase",
            "transformArray": [
                [0.94552016, -0.28035164, 0.16551183, 0],
                [0.27271333, 0.9597119, 0.06767455, 0],
                [-0.17781638, -0.018850315, 0.98388284, 0],
                [0.13312893, -0.0071784267, 0.024317792, 0.9999998]
            ],
            "isTracked": true
        }, {
            "name": "ringFingerIntermediateTip",
            "transformArray": [
                [0.91989446, -0.35828832, 0.15944701, 0],
                [0.34949702, 0.9334195, 0.0811117, 0],
                [-0.17789233, -0.018887943, 0.98386824, 0],
                [0.15947829, -0.015049016, 0.02891276, 0.99999976]
            ],
            "isTracked": true
        }, {
            "name": "ringFingerTip",
            "isTracked": true,
            "transformArray": [
                [0.9198946, -0.35828826, 0.15944704, 0],
                [0.34949696, 0.9334195, 0.08111176, 0],
                [-0.17789233, -0.018887961, 0.9838682, 0],
                [0.1807567, -0.02336753, 0.03259224, 0.9999997]
            ]
        }, {
            "isTracked": true,
            "transformArray": [
                [0.9811736, 0.0019037018, 0.19311814, 0],
                [-0.0034404194, 0.9999649, 0.0076222313, 0],
                [-0.1930968, -0.008143105, 0.9811458, 0],
                [0.027272588, 0.0028648376, 0.024577856, 0.9999999]
            ],
            "name": "littleFingerMetacarpal"
        }, {
            "isTracked": true,
            "transformArray": [
                [0.9744416, -0.14095715, 0.17491166, 0],
                [0.13683058, 0.9899579, 0.035493303, 0],
                [-0.17815828, -0.0106528755, 0.98394376, 0],
                [0.0809025, 0.0027916424, 0.03503138, 0.99999976]
            ],
            "name": "littleFingerKnuckle"
        }, {
            "isTracked": true,
            "name": "littleFingerIntermediateBase",
            "transformArray": [
                [0.965278, -0.19529074, 0.17349185, 0],
                [0.19029874, 0.98068833, 0.0451212, 0],
                [-0.17895319, -0.010539209, 0.98380077, 0],
                [0.114624865, -0.002172976, 0.041036684, 0.99999976]
            ]
        }, {
            "isTracked": true,
            "transformArray": [
                [0.9620981, -0.2109907, 0.1727696, 0],
                [0.20575222, 0.97743094, 0.047896456, 0],
                [-0.17897603, -0.010533327, 0.98379666, 0],
                [0.13374665, -0.006086944, 0.04445009, 0.99999976]
            ],
            "name": "littleFingerIntermediateTip"
        }, {
            "isTracked": true,
            "transformArray": [
                [0.96209806, -0.21099065, 0.17276964, 0],
                [0.2057521, 0.97743094, 0.047896426, 0],
                [-0.17897615, -0.010533313, 0.9837969, 0],
                [0.1537356, -0.010517806, 0.048015863, 0.9999997]
            ],
            "name": "littleFingerTip"
        }, {
            "name": "forearmWrist",
            "isTracked": true,
            "transformArray": [
                [-0.89357185, -0.16858934, 0.41606113, 0],
                [-0.18097141, 0.9834393, 0.009821454, 0],
                [-0.41082665, -0.06651906, -0.9092836, 0],
                [0, -2.9802322e-08, -1.4901161e-08, 1]
            ]
        }, {
            "name": "forearmArm",
            "isTracked": true,
            "transformArray": [
                [-0.89357185, -0.1685894, 0.41606116, 0],
                [-0.18097143, 0.9834393, 0.009821461, 0],
                [-0.41082665, -0.066519074, -0.9092836, 0],
                [-0.24604093, -0.055550735, 0.11235987, 1]
            ]
        }]
    },
    "👌": {
        "name": "👌",
        "left": [{
            "name": "wrist",
            "isTracked": true,
            "transformArray": [
                [1, 0, 0, 0],
                [0, 1, 0, 0],
                [0, 0, 1, 0],
                [0, 0, 0, 1]
            ]
        }, {
            "isTracked": true,
            "transformArray": [
                [0.73592496, 0.6362474, -0.23152474, 0],
                [0.2261666, 0.091302626, 0.9698002, 0],
                [0.6381717, -0.76606333, -0.07670607, 0],
                [0.02371887, 0.011553751, -0.019489864, 0.99999994]
            ],
            "name": "thumbKnuckle"
        }, {
            "isTracked": true,
            "transformArray": [
                [0.8606978, 0.4976824, 0.10729136, 0],
                [-0.05519087, -0.11828991, 0.99144405, 0],
                [0.5061157, -0.85925543, -0.07434435, 0],
                [0.06255303, 0.045163557, -0.031618632, 0.9999999]
            ],
            "name": "thumbIntermediateBase"
        }, {
            "isTracked": true,
            "transformArray": [
                [0.7326724, 0.3835744, 0.56219345, 0],
                [-0.45424202, -0.33952945, 0.82364047, 0],
                [0.5068086, -0.85883075, -0.0745283, 0],
                [0.08988339, 0.060963325, -0.028202059, 0.9999998]
            ],
            "name": "thumbIntermediateTip"
        }, {
            "isTracked": true,
            "transformArray": [
                [0.73267245, 0.3835744, 0.56219345, 0],
                [-0.45424193, -0.33952942, 0.8236406, 0],
                [0.5068087, -0.85883087, -0.07452838, 0],
                [0.11124133, 0.07206086, -0.011985102, 0.99999976]
            ],
            "name": "thumbTip"
        }, {
            "isTracked": true,
            "transformArray": [
                [0.98874277, 0.00012530501, -0.14962532, 0],
                [-0.0002587509, 0.99999976, -0.00087283476, 0],
                [0.14962515, 0.0009017447, 0.98874253, 0],
                [0.025245963, -4.072867e-06, -0.017193029, 0.99999994]
            ],
            "name": "indexFingerMetacarpal"
        }, {
            "isTracked": true,
            "name": "indexFingerKnuckle",
            "transformArray": [
                [0.76223516, 0.6164809, 0.19735448, 0],
                [-0.6363199, 0.7695484, 0.053778894, 0],
                [-0.11872016, -0.16657275, 0.97885597, 0],
                [0.094588935, 1.2803628e-05, -0.027697539, 0.9999999]
            ]
        }, {
            "name": "indexFingerIntermediateBase",
            "isTracked": true,
            "transformArray": [
                [-0.12564798, 0.98088527, 0.14858174, 0],
                [-0.98527384, -0.105872214, -0.13426314, 0],
                [-0.11596602, -0.16326351, 0.97974324, 0],
                [0.12795494, 0.027002258, -0.018988136, 0.9999998]
            ]
        }, {
            "isTracked": true,
            "transformArray": [
                [-0.47720343, 0.87442005, 0.08755687, 0],
                [-0.87096184, -0.45732677, -0.17965843, 0],
                [-0.11705484, -0.16199237, 0.9798247, 0],
                [0.12493186, 0.050611615, -0.015432923, 0.9999998]
            ],
            "name": "indexFingerIntermediateTip"
        }, {
            "name": "indexFingerTip",
            "transformArray": [
                [-0.47720334, 0.87441975, 0.08755682, 0],
                [-0.8709617, -0.45732674, -0.17965844, 0],
                [-0.11705483, -0.16199234, 0.9798244, 0],
                [0.114662364, 0.06942399, -0.013569774, 0.99999976]
            ],
            "isTracked": true
        }, {
            "name": "middleFingerMetacarpal",
            "isTracked": true,
            "transformArray": [
                [0.99995184, -4.141052e-05, 0.009813428, 0],
                [4.8609734e-05, 0.9999998, -0.00073028484, 0],
                [-0.009813396, 0.0007307324, 0.9999516, 0],
                [0.027242033, -1.7119639e-06, -0.0042758384, 0.99999994]
            ]
        }, {
            "transformArray": [
                [0.9816318, 0.109005354, 0.15657783, 0],
                [-0.09073698, 0.98868626, -0.11944043, 0],
                [-0.16782604, 0.10303917, 0.9804167, 0],
                [0.0927919, 1.2988961e-05, -0.0037226782, 0.99999994]
            ],
            "name": "middleFingerKnuckle",
            "isTracked": true
        }, {
            "isTracked": true,
            "transformArray": [
                [0.96329844, 0.19288744, 0.18668447, 0],
                [-0.1708608, 0.97697365, -0.1277878, 0],
                [-0.20703441, 0.09120068, 0.9740738, 0],
                [0.13948332, 0.005210585, 0.0037483196, 0.99999994]
            ],
            "name": "middleFingerIntermediateBase"
        }, {
            "transformArray": [
                [0.9728594, 0.10801433, 0.20463963, 0],
                [-0.08648512, 0.99000543, -0.111400194, 0],
                [-0.21462709, 0.09067847, 0.9724776, 0],
                [0.16761883, 0.010847406, 0.00920417, 1]
            ],
            "name": "middleFingerIntermediateTip",
            "isTracked": true
        }, {
            "isTracked": true,
            "name": "middleFingerTip",
            "transformArray": [
                [0.97285926, 0.10801423, 0.20463958, 0],
                [-0.08648502, 0.9900054, -0.1114002, 0],
                [-0.21462709, 0.090678476, 0.9724775, 0],
                [0.1904913, 0.013386435, 0.013984793, 1]
            ]
        }, {
            "isTracked": true,
            "transformArray": [
                [0.98979896, -0.00014028468, 0.14247072, 0],
                [0.00021979463, 0.9999999, -0.00054163317, 0],
                [-0.14247058, 0.0005674072, 0.9897988, 0],
                [0.027460886, 0.0015253171, 0.008773824, 0.99999994]
            ],
            "name": "ringFingerMetacarpal"
        }, {
            "transformArray": [
                [0.97763854, 0.10875532, 0.17998594, 0],
                [-0.11586093, 0.99282974, 0.029417166, 0],
                [-0.17549619, -0.049612712, 0.98322916, 0],
                [0.08843457, 0.0015388826, 0.017375223, 0.9999999]
            ],
            "isTracked": true,
            "name": "ringFingerKnuckle"
        }, {
            "transformArray": [
                [0.97864443, 0.1221938, 0.16529931, 0],
                [-0.12779962, 0.99151754, 0.023673398, 0],
                [-0.16100447, -0.044293065, 0.9859595, 0],
                [0.12902051, 0.0060639824, 0.024823476, 0.9999998]
            ],
            "isTracked": true,
            "name": "ringFingerIntermediateBase"
        }, {
            "isTracked": true,
            "name": "ringFingerIntermediateTip",
            "transformArray": [
                [0.9858873, 0.04244312, 0.16194008, 0],
                [-0.04881986, 0.9981728, 0.035601728, 0],
                [-0.16013318, -0.0430052, 0.98615825, 0],
                [0.15592973, 0.009427313, 0.029377893, 0.99999976]
            ]
        }, {
            "isTracked": true,
            "transformArray": [
                [0.9858874, 0.042443182, 0.16194004, 0],
                [-0.04881992, 0.99817294, 0.03560172, 0],
                [-0.16013318, -0.043005195, 0.9861584, 0],
                [0.17810734, 0.010382447, 0.03300522, 0.9999997]
            ],
            "name": "ringFingerTip"
        }, {
            "name": "littleFingerMetacarpal",
            "transformArray": [
                [0.9750564, -5.4075655e-05, 0.22195627, 0],
                [0.00015581785, 0.99999976, -0.00044055568, 0],
                [-0.22195621, 0.0004641562, 0.9750564, 0],
                [0.026604211, 0.0030615113, 0.023789337, 0.99999994]
            ],
            "isTracked": true
        }, {
            "name": "littleFingerKnuckle",
            "isTracked": true,
            "transformArray": [
                [0.9503758, 0.16173667, 0.26575753, 0],
                [-0.1579138, 0.9868023, -0.03583939, 0],
                [-0.26804674, -0.007905948, 0.96337354, 0],
                [0.077057, 0.0030791785, 0.035063077, 0.9999999]
            ]
        }, {
            "isTracked": true,
            "transformArray": [
                [0.95291084, 0.14259474, 0.26763377, 0],
                [-0.13938303, 0.9897512, -0.031063866, 0],
                [-0.2693204, -0.007702514, 0.96301985, 0],
                [0.1091386, 0.008541307, 0.043912306, 0.9999998]
            ],
            "name": "littleFingerIntermediateBase"
        }, {
            "isTracked": true,
            "name": "littleFingerIntermediateTip",
            "transformArray": [
                [0.95659685, 0.1083673, 0.27051604, 0],
                [-0.106295146, 0.9940835, -0.022344137, 0],
                [-0.2713369, -0.007380189, 0.96245617, 0],
                [0.12735192, 0.011269731, 0.049021613, 0.99999976]
            ]
        }, {
            "isTracked": true,
            "transformArray": [
                [0.9565967, 0.10836735, 0.27051607, 0],
                [-0.1062952, 0.99408346, -0.022344114, 0],
                [-0.2713369, -0.00738024, 0.9624561, 0],
                [0.146423, 0.013431314, 0.05438784, 0.9999997]
            ],
            "name": "littleFingerTip"
        }, {
            "isTracked": true,
            "transformArray": [
                [-0.9186176, -0.30743894, -0.24824022, 0],
                [-0.31755373, 0.9482399, 0.00074409624, 0],
                [0.23516254, 0.07951318, -0.96869814, 0],
                [-4.4703484e-08, -1.21071935e-08, 0, 0.99999994]
            ],
            "name": "forearmWrist"
        }, {
            "name": "forearmArm",
            "isTracked": true,
            "transformArray": [
                [-0.9186176, -0.30743888, -0.24824022, 0],
