//
//  File.swift
//  
//
//  Created by 许同学 on 2024/6/5.
//

import ARKit


public struct HVJointInfo: Sendable, Equatable {
    public let name: HandSkeleton.JointName
    public let isTracked: Bool
    // relative to anchor
    public let transform: simd_float4x4
    // relative to parent joint
    public let transformToParent: simd_float4x4
    
    public init(joint: HandSkeleton.Joint) {
        self.name = joint.name
        self.isTracked = joint.isTracked
        self.transform = joint.anchorFromJointTransform
        self.transformToParent = joint.parentFromJointTransform
    }
    
    public init(name: HandSkeleton.JointName, isTracked: Bool, anchorFromJointTransform: simd_float4x4, parentFromJointTransform: simd_float4x4) {
        self.name = name
        self.isTracked = isTracked
        self.transform = anchorFromJointTransform
        self.transformToParent = parentFromJointTransform
    }
    
    public func reversedChirality() -> HVJointInfo {
        return HVJointInfo(name: name, isTracked: isTracked, anchorFromJointTransform: transform.positionReversed, parentFromJointTransform: transformToParent.positionReversed)
    }

    public var position: SIMD3<Float> {
        return transform.columns.3.xyz
    }

    public var description: String {
        return "name: \(name), isTracked: \(isTracked), position: \(transform.columns.0.xyz)"
    }
    
}

//Full Curl
//CustomStringConvertible


/*
 name:wrist,parent:nil
 name:thumbKnuckle,parent:Optional(wrist)
 name:thumbIntermediateBase,parent:Optional(thumbKnuckle)
 name:thumbIntermediateTip,parent:Optional(thumbIntermediateBase)
 name:thumbTip,parent:Optional(thumbIntermediateTip)
 name:indexFingerMetacarpal,parent:Optional(wrist)
 name:indexFingerKnuckle,parent:Optional(indexFingerMetacarpal)
 name:indexFingerIntermediateBase,parent:Optional(indexFingerKnuckle)
 name:indexFingerIntermediateTip,parent:Optional(indexFingerIntermediateBase)
 name:indexFingerTip,parent:Optional(indexFingerIntermediateTip)
 name:middleFingerMetacarpal,parent:Optional(wrist)
 name:middleFingerKnuckle,parent:Optional(middleFingerMetacarpal)
 name:middleFingerIntermediateBase,parent:Optional(middleFingerKnuckle)
 name:middleFingerIntermediateTip,parent:Optional(middleFingerIntermediateBase)
 name:middleFingerTip,parent:Optional(middleFingerIntermediateTip)
 name:ringFingerMetacarpal,parent:Optional(wrist)
 name:ringFingerKnuckle,parent:Optional(ringFingerMetacarpal)
 name:ringFingerIntermediateBase,parent:Optional(ringFingerKnuckle)
 name:ringFingerIntermediateTip,parent:Optional(ringFingerIntermediateBase)
 name:ringFingerTip,parent:Optional(ringFingerIntermediateTip)
 name:littleFingerMetacarpal,parent:Optional(wrist)
 name:littleFingerKnuckle,parent:Optional(littleFingerMetacarpal)
 name:littleFingerIntermediateBase,parent:Optional(littleFingerKnuckle)
 name:littleFingerIntermediateTip,parent:Optional(littleFingerIntermediateBase)
 name:littleFingerTip,parent:Optional(littleFingerIntermediateTip)
 name:forearmWrist,parent:Optional(wrist)
 name:forearmArm,parent:Optional(forearmWrist)
 */


/*
 po leftHandVector?.allJoints
▿ Optional<Dictionary<NameCodingKey, HVJointInfo>>
  ▿ some : 27 elements
    ▿ 0 : 2 elements
      - key : indexFingerMetacarpal
      ▿ value : name: indexFingerMetacarpal, isTracked: true, position: SIMD3<Float>(0.9863474, 0.0031139816, -0.16464798)
        - name : indexFingerMetacarpal
        - isTracked : true
        ▿ transform : simd_float4x4([[0.9863474, 0.0031139816, -0.16464798, 0.0], [-0.0025380738, 0.9999898, 0.0037075544, 0.0], [0.16465786, -0.0032391238, 0.98634523, 0.0], [0.024695534, 4.786253e-05, -0.016919255, 1.0]])
          ▿ columns : 4 elements
            ▿ .0 : SIMD4<Float>(0.9863474, 0.0031139816, -0.16464798, 0.0)
              ▿ _storage : SIMD4Storage
                - _value : (Opaque Value)
            ▿ .1 : SIMD4<Float>(-0.0025380738, 0.9999898, 0.0037075544, 0.0)
              ▿ _storage : SIMD4Storage
                - _value : (Opaque Value)
            ▿ .2 : SIMD4<Float>(0.16465786, -0.0032391238, 0.98634523, 0.0)
              ▿ _storage : SIMD4Storage
                - _value : (Opaque Value)
            ▿ .3 : SIMD4<Float>(0.024695534, 4.786253e-05, -0.016919255, 1.0)
              ▿ _storage : SIMD4Storage
                - _value : (Opaque Value)
        ▿ transformToParent : simd_float4x4([[0.9863474, 0.0031139816, -0.16464798, 0.0], [-0.0025380738, 0.9999898, 0.0037075544, 0.0], [0.16465786, -0.0032391238, 0.98634523, 0.0], [0.024695534, 4.786253e-05, -0.016919255, 1.0]])
          ▿ columns : 4 elements
            ▿ .0 : SIMD4<Float>(0.9863474, 0.0031139816, -0.16464798, 0.0)
              ▿ _storage : SIMD4Storage
                - _value : (Opaque Value)
            ▿ .1 : SIMD4<Float>(-0.0025380738, 0.9999898, 0.0037075544, 0.0)
              ▿ _storage : SIMD4Storage
                - _value : (Opaque Value)
            ▿ .2 : SIMD4<Float>(0.16465786, -0.0032391238, 0.98634523, 0.0)
              ▿ _storage : SIMD4Storage
                - _value : (Opaque Value)
            ▿ .3 : SIMD4<Float>(0.024695534, 4.786253e-05, -0.016919255, 1.0)
              ▿ _storage : SIMD4Storage
                - _value : (Opaque Value)
    ▿ 1 : 2 elements
      - key : ringFingerIntermediateBase
      ▿ value : name: ringFingerIntermediateBase, isTracked: true, position: SIMD3<Float>(-0.9953664, 0.06257769, -0.0730058)
        - name : ringFingerIntermediateBase
        - isTracked : true
        ▿ transform : simd_float4x4([[-0.9953664, 0.06257769, -0.0730058, 0.0], [-0.06799102, -0.9949243, 0.07418357, 0.0], [-0.06799305, 0.07880347, 0.99456894, 0.0], [0.10066244, 0.039795905, 0.017426549, 1.0000001]])
          ▿ columns : 4 elements
            ▿ .0 : SIMD4<Float>(-0.9953664, 0.06257769, -0.0730058, 0.0)
              ▿ _storage : SIMD4Storage
                - _value : (Opaque Value)
            ▿ .1 : SIMD4<Float>(-0.06799102, -0.9949243, 0.07418357, 0.0)
              ▿ _storage : SIMD4Storage
                - _value : (Opaque Value)
            ▿ .2 : SIMD4<Float>(-0.06799305, 0.07880347, 0.99456894, 0.0)              ▿ _storage : SIMD4Storage
                - _value : (Opaque Value)
            ▿ .3 : SIMD4<Float>(0.10066244, 0.039795905, 0.017426549, 1.0000001)
              ▿ _storage : SIMD4Storage
                - _value : (Opaque Value)
        ▿ transformToParent : simd_float4x4([[-0.2514807, 0.9678522, 0.004448457, 0.0], [-0.96777356, -0.25151715, 0.012397962, 0.0], [0.013118252, -0.0011873007, 0.9999134, 0.0], [0.040069364, 1.225993e-05, -1.9922387e-05, 1.0000001]])
          ▿ columns : 4 elements
            ▿ .0 : SIMD4<Float>(-0.2514807, 0.9678522, 0.004448457, 0.0)
              ▿ _storage : SIMD4Storage
                - _value : (Opaque Value)
            ▿ .1 : SIMD4<Float>(-0.96777356, -0.25151715, 0.012397962, 0.0)
              ▿ _storage : SIMD4Storage
                - _value : (Opaque Value)
            ▿ .2 : SIMD4<Float>(0.013118252, -0.0011873007, 0.9999134, 0.0)
              ▿ _storage : SIMD4Storage
                - _value : (Opaque Value)
            ▿ .3 : SIMD4<Float>(0.040069364, 1.225993e-05, -1.9922387e-05, 1.0000001)
              ▿ _storage : SIMD4Storage
                - _value : (Opaque Value)
    ▿ 2 : 2 elements
      - key : ringFingerKnuckle
      ▿ value : name: ringFingerKnuckle, isTracked: true, position: SIMD3<Float>(0.31522325, 0.94815785, -0.040386327)
        - name : ringFingerKnuckle
        - isTracked : true
        ▿ transform : simd_float4x4([[0.31522325, 0.94815785, -0.040386327, 0.0], [-0.9461858, 0.31071293, -0.090498075, 0.0], [-0.07325797, 0.066739984, 0.99507743, 0.0], [0.08804178, 0.0018013419, 0.019065736, 1.0]])
          ▿ columns : 4 elements
            ▿ .0 : SIMD4<Float>(0.31522325, 0.94815785, -0.040386327, 0.0)
              ▿ _storage : SIMD4Storage
                - _value : (Opaque Value)
            ▿ .1 : SIMD4<Float>(-0.9461858, 0.31071293, -0.090498075, 0.0)
              ▿ _storage : SIMD4Storage
                - _value : (Opaque Value)
            ▿ .2 : SIMD4<Float>(-0.07325797, 0.066739984, 0.99507743, 0.0)
              ▿ _storage : SIMD4Storage
                - _value : (Opaque Value)
            ▿ .3 : SIMD4<Float>(0.08804178, 0.0018013419, 0.019065736, 1.0)
              ▿ _storage : SIMD4Storage
                - _value : (Opaque Value)
        ▿ transformToParent : simd_float4x4([[0.3068106, 0.94707596, -0.09441766, 0.0], [-0.946842, 0.31379882, 0.070856504, 0.0], [0.0967346, 0.06765908, 0.99300796, 0.0], [0.062219523, 3.5938807e-05, -4.110951e-05, 1.0]])
          ▿ columns : 4 elements
            ▿ .0 : SIMD4<Float>(0.3068106, 0.94707596, -0.09441766, 0.0)
              ▿ _storage : SIMD4Storage
                - _value : (Opaque Value)
            ▿ .1 : SIMD4<Float>(-0.946842, 0.31379882, 0.070856504, 0.0)
              ▿ _storage : SIMD4Storage
                - _value : (Opaque Value)
            ▿ .2 : SIMD4<Float>(0.0967346, 0.06765908, 0.99300796, 0.0)
              ▿ _storage : SIMD4Storage
                - _value : (Opaque Value)
            ▿ .3 : SIMD4<Float>(0.062219523, 3.5938807e-05, -4.110951e-05, 1.0)
              ▿ _storage : SIMD4Storage
                - _value : (Opaque Value)
    ▿ 3 : 2 elements
      - key : indexFingerIntermediateTip
      ▿ value : name: indexFingerIntermediateTip, isTracked: true, position: SIMD3<Float>(0.9848766, 0.105888315, 0.13713266)
        - name : indexFingerIntermediateTip
        - isTracked : true
        ▿ transform : simd_float4x4([[0.9848766, 0.105888315, 0.13713266, 0.0], [-0.11738204, 0.9899702, 0.07861434, 0.0], [-0.127433, -0.093522444, 0.98742795, 0.0], [0.15331936, 0.023483457, -0.018206304, 1.0000001]])
          ▿ columns : 4 elements
            ▿ .0 : SIMD4<Float>(0.9848766, 0.105888315, 0.13713266, 0.0)
              ▿ _storage : SIMD4Storage
                - _value : (Opaque Value)
            ▿ .1 : SIMD4<Float>(-0.11738204, 0.9899702, 0.07861434, 0.0)
              ▿ _storage : SIMD4Storage
                - _value : (Opaque Value)
            ▿ .2 : SIMD4<Float>(-0.127433, -0.093522444, 0.98742795, 0.0)
              ▿ _storage : SIMD4Storage
                - _value : (Opaque Value)
            ▿ .3 : SIMD4<Float>(0.15331936, 0.023483457, -0.018206304, 1.0000001)
              ▿ _storage : SIMD4Storage
                - _value : (Opaque Value)
        ▿ transformToParent : simd_float4x4([[0.98199064, -0.18891114, 0.0025529196, 0.0], [0.18891107, 0.98199403, 0.00028377163, 0.0], [-0.0025605904, 0.00020361997, 0.9999964, 0.0], [0.024351139, 1.5546568e-05, -1.8505274e-05, 1.0000001]])
          ▿ columns : 4 elements
            ▿ .0 : SIMD4<Float>(0.98199064, -0.18891114, 0.0025529196, 0.0)
              ▿ _storage : SIMD4Storage
                - _value : (Opaque Value)
            ▿ .1 : SIMD4<Float>(0.18891107, 0.98199403, 0.00028377163, 0.0)
              ▿ _storage : SIMD4Storage
                - _value : (Opaque Value)
            ▿ .2 : SIMD4<Float>(-0.0025605904, 0.00020361997, 0.9999964, 0.0)
              ▿ _storage : SIMD4Storage
                - _value : (Opaque Value)
            ▿ .3 : SIMD4<Float>(0.024351139, 1.5546568e-05, -1.8505274e-05, 1.0000001)
              ▿ _storage : SIMD4Storage
                - _value : (Opaque Value)
    ▿ 4 : 2 elements
      - key : littleFingerKnuckle
      ▿ value : name: littleFingerKnuckle, isTracked: true, position: SIMD3<Float>(0.81195116, 0.39558628, 0.4292396)
        - name : littleFingerKnuckle
        - isTracked : true
        ▿ transform : simd_float4x4([[0.81195116, 0.39558628, 0.4292396, 0.0], [-0.39887747, 0.91288704, -0.08679692, 0.0], [-0.42618293, -0.1007392, 0.89901024, 0.0], [0.07838775, 0.0032950637, 0.03413987, 1.0]])
          ▿ columns : 4 elements
            ▿ .0 : SIMD4<Float>(0.81195116, 0.39558628, 0.4292396, 0.0)
              ▿ _storage : SIMD4Storage
                - _value : (Opaque Value)
            ▿ .1 : SIMD4<Float>(-0.39887747, 0.91288704, -0.08679692, 0.0)
              ▿ _storage : SIMD4Storage
                - _value : (Opaque Value)
            ▿ .2 : SIMD4<Float>(-0.42618293, -0.1007392, 0.89901024, 0.0)
              ▿ _storage : SIMD4Storage
                - _value : (Opaque Value)
            ▿ .3 : SIMD4<Float>(0.07838775, 0.0032950637, 0.03413987, 1.0)
              ▿ _storage : SIMD4Storage
                - _value : (Opaque Value)
        ▿ transformToParent : simd_float4x4([[0.88336045, 0.39269716, 0.25585714, 0.0], [-0.4049313, 0.91433156, -0.005296881, 0.0], [-0.23601826, -0.09892544, 0.9666999, 0.0], [0.053686652, 2.9696384e-05, -3.6127865e-05, 1.0]])
          ▿ columns : 4 elements
            ▿ .0 : SIMD4<Float>(0.88336045, 0.39269716, 0.25585714, 0.0)
              ▿ _storage : SIMD4Storage
                - _value : (Opaque Value)
            ▿ .1 : SIMD4<Float>(-0.4049313, 0.91433156, -0.005296881, 0.0)
              ▿ _storage : SIMD4Storage
                - _value : (Opaque Value)
            ▿ .2 : SIMD4<Float>(-0.23601826, -0.09892544, 0.9666999, 0.0)
              ▿ _storage : SIMD4Storage
                - _value : (Opaque Value)
            ▿ .3 : SIMD4<Float>(0.053686652, 2.9696384e-05, -3.6127865e-05, 1.0)
              ▿ _storage : SIMD4Storage
                - _value : (Opaque Value)
    ▿ 5 : 2 elements
      - key : littleFingerIntermediateBase
      ▿ value : name: littleFingerIntermediateBase, isTracked: true, position: SIMD3<Float>(0.8587789, 0.26407424, 0.43904853)
        - name : littleFingerIntermediateBase
        - isTracked : true
        ▿ transform : simd_float4x4([[0.8587789, 0.26407424, 0.43904853, 0.0], [-0.28169537, 0.95915407, -0.025905797, 0.0], [-0.42795622, -0.10143071, 0.89808965, 0.0], [0.10471842, 0.01614546, 0.048029717, 1.0]])
          ▿ columns : 4 elements
            ▿ .0 : SIMD4<Float>(0.8587789, 0.26407424, 0.43904853, 0.0)
              ▿ _storage : SIMD4Storage
                - _value : (Opaque Value)
            ▿ .1 : SIMD4<Float>(-0.28169537, 0.95915407, -0.025905797, 0.0)
              ▿ _storage : SIMD4Storage
                - _value : (Opaque Value)
            ▿ .2 : SIMD4<Float>(-0.42795622, -0.10143071, 0.89808965, 0.0)
              ▿ _storage : SIMD4Storage
                - _value : (Opaque Value)
            ▿ .3 : SIMD4<Float>(0.10471842, 0.01614546, 0.048029717, 1.0)
              ▿ _storage : SIMD4Storage
                - _value : (Opaque Value)
        ▿ transformToParent : simd_float4x4([[0.9902078, -0.1395856, 0.0021095616, 0.0], [0.13958566, 0.9902101, 0.0001398136, 0.0], [-0.0021085332, 0.00015595873, 0.9999978, 0.0], [0.032424726, 2.2664666e-05, -2.91029e-05, 1.0]])
          ▿ columns : 4 elements
            ▿ .0 : SIMD4<Float>(0.9902078, -0.1395856, 0.0021095616, 0.0)
              ▿ _storage : SIMD4Storage
                - _value : (Opaque Value)
            ▿ .1 : SIMD4<Float>(0.13958566, 0.9902101, 0.0001398136, 0.0)
              ▿ _storage : SIMD4Storage
                - _value : (Opaque Value)
            ▿ .2 : SIMD4<Float>(-0.0021085332, 0.00015595873, 0.9999978, 0.0)
              ▿ _storage : SIMD4Storage
                - _value : (Opaque Value)
            ▿ .3 : SIMD4<Float>(0.032424726, 2.2664666e-05, -2.91029e-05, 1.0)
              ▿ _storage : SIMD4Storage
                - _value : (Opaque Value)
    ▿ 6 : 2 elements
      - key : indexFingerIntermediateBase
      ▿ value : name: indexFingerIntermediateBase, isTracked: true, position: SIMD3<Float>(0.94529164, 0.29123715, 0.14698584)
        - name : indexFingerIntermediateBase
        - isTracked : true
        ▿ transform : simd_float4x4([[0.94529164, 0.29123715, 0.14698584, 0.0], [-0.30134872, 0.95212257, 0.051493984, 0.0], [-0.12495155, -0.09297091, 0.98779744, 0.0], [0.1303028, 0.01637497, -0.021768095, 1.0]])
          ▿ columns : 4 elements
            ▿ .0 : SIMD4<Float>(0.94529164, 0.29123715, 0.14698584, 0.0)
              ▿ _storage : SIMD4Storage
                - _value : (Opaque Value)
            ▿ .1 : SIMD4<Float>(-0.30134872, 0.95212257, 0.051493984, 0.0)
              ▿ _storage : SIMD4Storage
                - _value : (Opaque Value)
            ▿ .2 : SIMD4<Float>(-0.12495155, -0.09297091, 0.98779744, 0.0)
              ▿ _storage : SIMD4Storage
                - _value : (Opaque Value)
            ▿ .3 : SIMD4<Float>(0.1303028, 0.01637497, -0.021768095, 1.0)
              ▿ _storage : SIMD4Storage
                - _value : (Opaque Value)
        ▿ transformToParent : simd_float4x4([[0.9955485, -0.09425199, -6.5192384e-05, 0.0], [0.09425196, 0.9955484, 0.00014784359, 0.0], [5.0995302e-05, -0.00015332141, 1.0000002, 0.0], [0.042289592, 2.8163195e-05, -3.4501776e-05, 1.0]])
          ▿ columns : 4 elements
            ▿ .0 : SIMD4<Float>(0.9955485, -0.09425199, -6.5192384e-05, 0.0)
              ▿ _storage : SIMD4Storage
                - _value : (Opaque Value)
            ▿ .1 : SIMD4<Float>(0.09425196, 0.9955484, 0.00014784359, 0.0)
              ▿ _storage : SIMD4Storage
                - _value : (Opaque Value)
            ▿ .2 : SIMD4<Float>(5.0995302e-05, -0.00015332141, 1.0000002, 0.0)
              ▿ _storage : SIMD4Storage
                - _value : (Opaque Value)
            ▿ .3 : SIMD4<Float>(0.042289592, 2.8163195e-05, -3.4501776e-05, 1.0)
              ▿ _storage : SIMD4Storage
                - _value : (Opaque Value)
    ▿ 7 : 2 elements
      - key : wrist
      ▿ value : name: wrist, isTracked: true, position: SIMD3<Float>(1.0, 0.0, 0.0)
        - name : wrist
        - isTracked : true
        ▿ transform : simd_float4x4([[1.0, 0.0, 0.0, 0.0], [0.0, 1.0, 0.0, 0.0], [0.0, 0.0, 1.0, 0.0], [0.0, 0.0, 0.0, 1.0]])
          ▿ columns : 4 elements
            ▿ .0 : SIMD4<Float>(1.0, 0.0, 0.0, 0.0)
              ▿ _storage : SIMD4Storage
                - _value : (Opaque Value)
            ▿ .1 : SIMD4<Float>(0.0, 1.0, 0.0, 0.0)
              ▿ _storage : SIMD4Storage
                - _value : (Opaque Value)
            ▿ .2 : SIMD4<Float>(0.0, 0.0, 1.0, 0.0)
              ▿ _storage : SIMD4Storage
                - _value : (Opaque Value)
            ▿ .3 : SIMD4<Float>(0.0, 0.0, 0.0, 1.0)
              ▿ _storage : SIMD4Storage
                - _value : (Opaque Value)
        ▿ transformToParent : simd_float4x4([[1.0, 0.0, 0.0, 0.0], [0.0, 1.0, 0.0, 0.0], [0.0, 0.0, 1.0, 0.0], [0.0, 0.0, 0.0, 1.0]])
          ▿ columns : 4 elements
            ▿ .0 : SIMD4<Float>(1.0, 0.0, 0.0, 0.0)
              ▿ _storage : SIMD4Storage
                - _value : (Opaque Value)
            ▿ .1 : SIMD4<Float>(0.0, 1.0, 0.0, 0.0)
              ▿ _storage : SIMD4Storage
                - _value : (Opaque Value)
            ▿ .2 : SIMD4<Float>(0.0, 0.0, 1.0, 0.0)
              ▿ _storage : SIMD4Storage
                - _value : (Opaque Value)
            ▿ .3 : SIMD4<Float>(0.0, 0.0, 0.0, 1.0)
              ▿ _storage : SIMD4Storage
                - _value : (Opaque Value)
    ▿ 8 : 2 elements
      - key : thumbIntermediateTip
      ▿ value : name: thumbIntermediateTip, isTracked: true, position: SIMD3<Float>(0.84760803, 0.08054915, -0.5244731)
        - name : thumbIntermediateTip
        - isTracked : true
        ▿ transform : simd_float4x4([[0.84760803, 0.08054915, -0.5244731, 0.0], [0.5020771, 0.19807434, 0.8418343, 0.0], [0.17169367, -0.97687155, 0.12744762, 0.0], [0.087028675, 0.025426919, -0.06448481, 0.99999976]])
          ▿ columns : 4 elements
            ▿ .0 : SIMD4<Float>(0.84760803, 0.08054915, -0.5244731, 0.0)
              ▿ _storage : SIMD4Storage
                - _value : (Opaque Value)
            ▿ .1 : SIMD4<Float>(0.5020771, 0.19807434, 0.8418343, 0.0)
              ▿ _storage : SIMD4Storage
                - _value : (Opaque Value)
            ▿ .2 : SIMD4<Float>(0.17169367, -0.97687155, 0.12744762, 0.0)
              ▿ _storage : SIMD4Storage
                - _value : (Opaque Value)
            ▿ .3 : SIMD4<Float>(0.087028675, 0.025426919, -0.06448481, 0.99999976)
              ▿ _storage : SIMD4Storage
                - _value : (Opaque Value)
        ▿ transformToParent : simd_float4x4([[0.9936598, -0.11242109, -0.001291994, 0.0], [0.11242214, 0.9936603, 0.00080785615, 0.0], [0.0011930009, -0.0009480315, 0.9999988, 0.0], [0.030840503, -2.1555932e-06, -8.065359e-06, 0.9999999]])
          ▿ columns : 4 elements
            ▿ .0 : SIMD4<Float>(0.9936598, -0.11242109, -0.001291994, 0.0)
              ▿ _storage : SIMD4Storage
                - _value : (Opaque Value)
            ▿ .1 : SIMD4<Float>(0.11242214, 0.9936603, 0.00080785615, 0.0)
              ▿ _storage : SIMD4Storage
                - _value : (Opaque Value)
            ▿ .2 : SIMD4<Float>(0.0011930009, -0.0009480315, 0.9999988, 0.0)
              ▿ _storage : SIMD4Storage
                - _value : (Opaque Value)
            ▿ .3 : SIMD4<Float>(0.030840503, -2.1555932e-06, -8.065359e-06, 0.9999999)
              ▿ _storage : SIMD4Storage
                - _value : (Opaque Value)
    ▿ 9 : 2 elements
      - key : middleFingerIntermediateTip
      ▿ value : name: middleFingerIntermediateTip, isTracked: true, position: SIMD3<Float>(-0.94132185, -0.32519233, -0.09035019)
        - name : middleFingerIntermediateTip
        - isTracked : true
        ▿ transform : simd_float4x4([[-0.94132185, -0.32519233, -0.09035019, 0.0], [0.33246228, -0.9395273, -0.082202025, 0.0], [-0.058155056, -0.10741669, 0.9925118, 0.0], [0.07855159, 0.044096213, -0.0018124888, 1.0]])
          ▿ columns : 4 elements
            ▿ .0 : SIMD4<Float>(-0.94132185, -0.32519233, -0.09035019, 0.0)
              ▿ _storage : SIMD4Storage
                - _value : (Opaque Value)
            ▿ .1 : SIMD4<Float>(0.33246228, -0.9395273, -0.082202025, 0.0)
              ▿ _storage : SIMD4Storage
                - _value : (Opaque Value)
            ▿ .2 : SIMD4<Float>(-0.058155056, -0.10741669, 0.9925118, 0.0)
              ▿ _storage : SIMD4Storage
                - _value : (Opaque Value)
            ▿ .3 : SIMD4<Float>(0.07855159, 0.044096213, -0.0018124888, 1.0)
              ▿ _storage : SIMD4Storage
                - _value : (Opaque Value)
        ▿ transformToParent : simd_float4x4([[0.9310789, 0.36463723, 0.011476803, 0.0], [-0.364655, 0.93114245, -0.00056685467, 0.0], [-0.010893201, -0.0036572937, 0.9999339, 0.0], [0.028702676, 9.905547e-06, 1.7378712e-05, 1.0]])
          ▿ columns : 4 elements
            ▿ .0 : SIMD4<Float>(0.9310789, 0.36463723, 0.011476803, 0.0)
              ▿ _storage : SIMD4Storage
                - _value : (Opaque Value)
            ▿ .1 : SIMD4<Float>(-0.364655, 0.93114245, -0.00056685467, 0.0)
              ▿ _storage : SIMD4Storage
                - _value : (Opaque Value)
            ▿ .2 : SIMD4<Float>(-0.010893201, -0.0036572937, 0.9999339, 0.0)
              ▿ _storage : SIMD4Storage
                - _value : (Opaque Value)
            ▿ .3 : SIMD4<Float>(0.028702676, 9.905547e-06, 1.7378712e-05, 1.0)
              ▿ _storage : SIMD4Storage
                - _value : (Opaque Value)
    ▿ 10 : 2 elements
      - key : littleFingerTip
      ▿ value : name: littleFingerTip, isTracked: true, position: SIMD3<Float>(0.88870054, 0.12715505, 0.44050282)
        - name : littleFingerTip
        - isTracked : true
        ▿ transform : simd_float4x4([[0.88870054, 0.12715505, 0.44050282, 0.0], [-0.15881449, 0.98666644, 0.03559319, 0.0], [-0.43010354, -0.10159, 0.89704514, 0.0], [0.13678119, 0.023238234, 0.06412386, 0.9999999]])
          ▿ columns : 4 elements
            ▿ .0 : SIMD4<Float>(0.88870054, 0.12715505, 0.44050282, 0.0)
              ▿ _storage : SIMD4Storage
                - _value : (Opaque Value)
            ▿ .1 : SIMD4<Float>(-0.15881449, 0.98666644, 0.03559319, 0.0)
              ▿ _storage : SIMD4Storage
                - _value : (Opaque Value)
            ▿ .2 : SIMD4<Float>(-0.43010354, -0.10159, 0.89704514, 0.0)
              ▿ _storage : SIMD4Storage
                - _value : (Opaque Value)
            ▿ .3 : SIMD4<Float>(0.13678119, 0.023238234, 0.06412386, 0.9999999)
              ▿ _storage : SIMD4Storage
                - _value : (Opaque Value)
        ▿ transformToParent : simd_float4x4([[0.99999994, -9.2414716e-08, -9.885419e-08, 0.0], [1.5171388e-07, 0.99999976, -1.9629033e-07, 0.0], [6.1100344e-08, 1.5682612e-07, 0.99999976, 0.0], [0.01908608, 1.115521e-05, -1.6891241e-05, 1.0]])
          ▿ columns : 4 elements
            ▿ .0 : SIMD4<Float>(0.99999994, -9.2414716e-08, -9.885419e-08, 0.0)
              ▿ _storage : SIMD4Storage
                - _value : (Opaque Value)
            ▿ .1 : SIMD4<Float>(1.5171388e-07, 0.99999976, -1.9629033e-07, 0.0)
              ▿ _storage : SIMD4Storage
                - _value : (Opaque Value)
            ▿ .2 : SIMD4<Float>(6.1100344e-08, 1.5682612e-07, 0.99999976, 0.0)
              ▿ _storage : SIMD4Storage
                - _value : (Opaque Value)
            ▿ .3 : SIMD4<Float>(0.01908608, 1.115521e-05, -1.6891241e-05, 1.0)
              ▿ _storage : SIMD4Storage
                - _value : (Opaque Value)
    ▿ 11 : 2 elements
      - key : ringFingerMetacarpal
      ▿ value : name: ringFingerMetacarpal, isTracked: true, position: SIMD3<Float>(0.9855156, 0.0031648583, 0.16955484)
        - name : ringFingerMetacarpal
        - isTracked : true
        ▿ transform : simd_float4x4([[0.9855156, 0.0031648583, 0.16955484, 0.0], [-0.0033281825, 0.9999941, 0.00067892484, 0.0], [-0.16955176, -0.0012334678, 0.9855205, 0.0], [0.02671662, 0.0015684366, 0.008556604, 1.0]])
          ▿ columns : 4 elements
            ▿ .0 : SIMD4<Float>(0.9855156, 0.0031648583, 0.16955484, 0.0)
              ▿ _storage : SIMD4Storage
                - _value : (Opaque Value)
            ▿ .1 : SIMD4<Float>(-0.0033281825, 0.9999941, 0.00067892484, 0.0)
              ▿ _storage : SIMD4Storage
                - _value : (Opaque Value)
            ▿ .2 : SIMD4<Float>(-0.16955176, -0.0012334678, 0.9855205, 0.0)
              ▿ _storage : SIMD4Storage
                - _value : (Opaque Value)
            ▿ .3 : SIMD4<Float>(0.02671662, 0.0015684366, 0.008556604, 1.0)
              ▿ _storage : SIMD4Storage
                - _value : (Opaque Value)
        ▿ transformToParent : simd_float4x4([[0.9855156, 0.0031648583, 0.16955484, 0.0], [-0.0033281825, 0.9999941, 0.00067892484, 0.0], [-0.16955176, -0.0012334678, 0.9855205, 0.0], [0.02671662, 0.0015684366, 0.008556604, 1.0]])
          ▿ columns : 4 elements
            ▿ .0 : SIMD4<Float>(0.9855156, 0.0031648583, 0.16955484, 0.0)
              ▿ _storage : SIMD4Storage
                - _value : (Opaque Value)
            ▿ .1 : SIMD4<Float>(-0.0033281825, 0.9999941, 0.00067892484, 0.0)
              ▿ _storage : SIMD4Storage
                - _value : (Opaque Value)
            ▿ .2 : SIMD4<Float>(-0.16955176, -0.0012334678, 0.9855205, 0.0)
              ▿ _storage : SIMD4Storage
                - _value : (Opaque Value)
            ▿ .3 : SIMD4<Float>(0.02671662, 0.0015684366, 0.008556604, 1.0)
              ▿ _storage : SIMD4Storage
                - _value : (Opaque Value)
    ▿ 12 : 2 elements
      - key : indexFingerKnuckle
      ▿ value : name: indexFingerKnuckle, isTracked: true, position: SIMD3<Float>(0.9126743, 0.37967536, 0.15123524)
        - name : indexFingerKnuckle
        - isTracked : true
        ▿ transform : simd_float4x4([[0.9126743, 0.37967536, 0.15123524, 0.0], [-0.38908362, 0.92044854, 0.037259597, 0.0], [-0.12505773, -0.09284913, 0.9877952, 0.0], [0.09171282, 0.00028952956, -0.02813074, 1.0]])
          ▿ columns : 4 elements
            ▿ .0 : SIMD4<Float>(0.9126743, 0.37967536, 0.15123524, 0.0)
              ▿ _storage : SIMD4Storage
                - _value : (Opaque Value)
            ▿ .1 : SIMD4<Float>(-0.38908362, 0.92044854, 0.037259597, 0.0)
              ▿ _storage : SIMD4Storage
                - _value : (Opaque Value)
            ▿ .2 : SIMD4<Float>(-0.12505773, -0.09284913, 0.9877952, 0.0)
              ▿ _storage : SIMD4Storage
                - _value : (Opaque Value)
            ▿ .3 : SIMD4<Float>(0.09171282, 0.00028952956, -0.02813074, 1.0)
              ▿ _storage : SIMD4Storage
                - _value : (Opaque Value)
        ▿ transformToParent : simd_float4x4([[0.8764958, 0.3779158, 0.29821947, 0.0], [-0.3870402, 0.92156506, -0.030296234, 0.0], [-0.28627804, -0.08886839, 0.95401645, 0.0], [0.06794903, 2.999674e-05, -2.4257228e-05, 1.0]])
          ▿ columns : 4 elements
            ▿ .0 : SIMD4<Float>(0.8764958, 0.3779158, 0.29821947, 0.0)
              ▿ _storage : SIMD4Storage
                - _value : (Opaque Value)
            ▿ .1 : SIMD4<Float>(-0.3870402, 0.92156506, -0.030296234, 0.0)
              ▿ _storage : SIMD4Storage
                - _value : (Opaque Value)
            ▿ .2 : SIMD4<Float>(-0.28627804, -0.08886839, 0.95401645, 0.0)
              ▿ _storage : SIMD4Storage
                - _value : (Opaque Value)
            ▿ .3 : SIMD4<Float>(0.06794903, 2.999674e-05, -2.4257228e-05, 1.0)
              ▿ _storage : SIMD4Storage
                - _value : (Opaque Value)
    ▿ 13 : 2 elements
      - key : middleFingerKnuckle
      ▿ value : name: middleFingerKnuckle, isTracked: true, position: SIMD3<Float>(0.35500902, 0.9309376, 0.08557829)
        - name : middleFingerKnuckle
        - isTracked : true
        ▿ transform : simd_float4x4([[0.35500902, 0.9309376, 0.08557829, 0.0], [-0.93268967, 0.35893458, -0.03543457, 0.0], [-0.06370438, -0.06723845, 0.995701, 0.0], [0.090928234, 0.00030097368, -0.0038546028, 1.0]])
          ▿ columns : 4 elements
            ▿ .0 : SIMD4<Float>(0.35500902, 0.9309376, 0.08557829, 0.0)
              ▿ _storage : SIMD4Storage
                - _value : (Opaque Value)
            ▿ .1 : SIMD4<Float>(-0.93268967, 0.35893458, -0.03543457, 0.0)
              ▿ _storage : SIMD4Storage
                - _value : (Opaque Value)
            ▿ .2 : SIMD4<Float>(-0.06370438, -0.06723845, 0.995701, 0.0)
              ▿ _storage : SIMD4Storage
                - _value : (Opaque Value)
            ▿ .3 : SIMD4<Float>(0.090928234, 0.00030097368, -0.0038546028, 1.0)
              ▿ _storage : SIMD4Storage
                - _value : (Opaque Value)
        ▿ transformToParent : simd_float4x4([[0.3584072, 0.93003654, 0.081095494, 0.0], [-0.9318128, 0.36170235, -0.029939448, 0.0], [-0.05717713, -0.06483527, 0.99625665, 0.0], [0.06435435, 3.4160552e-05, -3.4138095e-05, 1.0]])
          ▿ columns : 4 elements
            ▿ .0 : SIMD4<Float>(0.3584072, 0.93003654, 0.081095494, 0.0)
              ▿ _storage : SIMD4Storage
                - _value : (Opaque Value)
            ▿ .1 : SIMD4<Float>(-0.9318128, 0.36170235, -0.029939448, 0.0)
              ▿ _storage : SIMD4Storage
                - _value : (Opaque Value)
            ▿ .2 : SIMD4<Float>(-0.05717713, -0.06483527, 0.99625665, 0.0)
              ▿ _storage : SIMD4Storage
                - _value : (Opaque Value)
            ▿ .3 : SIMD4<Float>(0.06435435, 3.4160552e-05, -3.4138095e-05, 1.0)
              ▿ _storage : SIMD4Storage
                - _value : (Opaque Value)
    ▿ 14 : 2 elements
      - key : middleFingerIntermediateBase
      ▿ value : name: middleFingerIntermediateBase, isTracked: true, position: SIMD3<Float>(-0.9970455, 0.04099382, -0.06495944)
        - name : middleFingerIntermediateBase
        - isTracked : true
        ▿ transform : simd_float4x4([[-0.9970455, 0.04099382, -0.06495944, 0.0], [-0.033458427, -0.9930181, -0.113116734, 0.0], [-0.06914302, -0.11060921, 0.99145603, 0.0], [0.107171, 0.042931337, 3.5911333e-05, 1.0]])
          ▿ columns : 4 elements
            ▿ .0 : SIMD4<Float>(-0.9970455, 0.04099382, -0.06495944, 0.0)
              ▿ _storage : SIMD4Storage
                - _value : (Opaque Value)
            ▿ .1 : SIMD4<Float>(-0.033458427, -0.9930181, -0.113116734, 0.0)
              ▿ _storage : SIMD4Storage
                - _value : (Opaque Value)
            ▿ .2 : SIMD4<Float>(-0.06914302, -0.11060921, 0.99145603, 0.0)
              ▿ _storage : SIMD4Storage
                - _value : (Opaque Value)
            ▿ .3 : SIMD4<Float>(0.107171, 0.042931337, 3.5911333e-05, 1.0)
              ▿ _storage : SIMD4Storage
                - _value : (Opaque Value)
        ▿ transformToParent : simd_float4x4([[-0.32135665, 0.9469503, -0.0039203577, 0.0], [-0.94599646, -0.32121408, -0.043730054, 0.0], [-0.042669512, -0.010344294, 0.99903595, 0.0], [0.045785487, 1.4193356e-05, -2.7344562e-05, 1.0]])
          ▿ columns : 4 elements
            ▿ .0 : SIMD4<Float>(-0.32135665, 0.9469503, -0.0039203577, 0.0)
              ▿ _storage : SIMD4Storage
                - _value : (Opaque Value)
            ▿ .1 : SIMD4<Float>(-0.94599646, -0.32121408, -0.043730054, 0.0)
              ▿ _storage : SIMD4Storage
                - _value : (Opaque Value)
            ▿ .2 : SIMD4<Float>(-0.042669512, -0.010344294, 0.99903595, 0.0)
              ▿ _storage : SIMD4Storage
                - _value : (Opaque Value)
            ▿ .3 : SIMD4<Float>(0.045785487, 1.4193356e-05, -2.7344562e-05, 1.0)
              ▿ _storage : SIMD4Storage
                - _value : (Opaque Value)
    ▿ 15 : 2 elements
      - key : middleFingerTip
      ▿ value : name: middleFingerTip, isTracked: true, position: SIMD3<Float>(-0.94132185, -0.32519227, -0.09035009)
        - name : middleFingerTip
        - isTracked : true
        ▿ transform : simd_float4x4([[-0.94132185, -0.32519227, -0.09035009, 0.0], [0.33246234, -0.9395272, -0.08220195, 0.0], [-0.05815494, -0.107416555, 0.9925118, 0.0], [0.05863164, 0.03720609, -0.0037115824, 0.9999999]])
          ▿ columns : 4 elements
            ▿ .0 : SIMD4<Float>(-0.94132185, -0.32519227, -0.09035009, 0.0)
              ▿ _storage : SIMD4Storage
                - _value : (Opaque Value)
            ▿ .1 : SIMD4<Float>(0.33246234, -0.9395272, -0.08220195, 0.0)
              ▿ _storage : SIMD4Storage
                - _value : (Opaque Value)
            ▿ .2 : SIMD4<Float>(-0.05815494, -0.107416555, 0.9925118, 0.0)
              ▿ _storage : SIMD4Storage
                - _value : (Opaque Value)
            ▿ .3 : SIMD4<Float>(0.05863164, 0.03720609, -0.0037115824, 0.9999999)
              ▿ _storage : SIMD4Storage
                - _value : (Opaque Value)
        ▿ transformToParent : simd_float4x4([[1.0, -2.323812e-08, 8.954726e-08, 0.0], [-8.2104116e-08, 0.99999994, 6.356725e-08, 0.0], [-1.4979484e-07, -8.817707e-08, 0.99999994, 0.0], [0.021163272, 6.9299713e-06, 1.3683661e-05, 0.9999999]])
          ▿ columns : 4 elements
            ▿ .0 : SIMD4<Float>(1.0, -2.323812e-08, 8.954726e-08, 0.0)
              ▿ _storage : SIMD4Storage
                - _value : (Opaque Value)
            ▿ .1 : SIMD4<Float>(-8.2104116e-08, 0.99999994, 6.356725e-08, 0.0)
              ▿ _storage : SIMD4Storage
                - _value : (Opaque Value)
            ▿ .2 : SIMD4<Float>(-1.4979484e-07, -8.817707e-08, 0.99999994, 0.0)
              ▿ _storage : SIMD4Storage
                - _value : (Opaque Value)
            ▿ .3 : SIMD4<Float>(0.021163272, 6.9299713e-06, 1.3683661e-05, 0.9999999)
              ▿ _storage : SIMD4Storage
                - _value : (Opaque Value)
    ▿ 16 : 2 elements
      - key : thumbKnuckle
      ▿ value : name: thumbKnuckle, isTracked: true, position: SIMD3<Float>(0.7286268, 0.22165273, -0.6480532)
        - name : thumbKnuckle
        - isTracked : true
        ▿ transform : simd_float4x4([[0.7286268, 0.22165273, -0.6480532, 0.0], [0.60517216, 0.23473586, 0.7607007, 0.0], [0.32073277, -0.9464507, 0.03689689, 0.0], [0.023175266, 0.011310369, -0.01920423, 1.0]])
          ▿ columns : 4 elements
            ▿ .0 : SIMD4<Float>(0.7286268, 0.22165273, -0.6480532, 0.0)
              ▿ _storage : SIMD4Storage
                - _value : (Opaque Value)
            ▿ .1 : SIMD4<Float>(0.60517216, 0.23473586, 0.7607007, 0.0)
              ▿ _storage : SIMD4Storage
                - _value : (Opaque Value)
            ▿ .2 : SIMD4<Float>(0.32073277, -0.9464507, 0.03689689, 0.0)
              ▿ _storage : SIMD4Storage
                - _value : (Opaque Value)
            ▿ .3 : SIMD4<Float>(0.023175266, 0.011310369, -0.01920423, 1.0)
              ▿ _storage : SIMD4Storage
                - _value : (Opaque Value)
        ▿ transformToParent : simd_float4x4([[0.7286268, 0.22165273, -0.6480532, 0.0], [0.60517216, 0.23473586, 0.7607007, 0.0], [0.32073277, -0.9464507, 0.03689689, 0.0], [0.023175266, 0.011310369, -0.01920423, 1.0]])
          ▿ columns : 4 elements
            ▿ .0 : SIMD4<Float>(0.7286268, 0.22165273, -0.6480532, 0.0)
              ▿ _storage : SIMD4Storage
                - _value : (Opaque Value)
            ▿ .1 : SIMD4<Float>(0.60517216, 0.23473586, 0.7607007, 0.0)
              ▿ _storage : SIMD4Storage
                - _value : (Opaque Value)
            ▿ .2 : SIMD4<Float>(0.32073277, -0.9464507, 0.03689689, 0.0)
              ▿ _storage : SIMD4Storage
                - _value : (Opaque Value)
            ▿ .3 : SIMD4<Float>(0.023175266, 0.011310369, -0.01920423, 1.0)
              ▿ _storage : SIMD4Storage
                - _value : (Opaque Value)
    ▿ 17 : 2 elements
      - key : ringFingerIntermediateTip
      ▿ value : name: ringFingerIntermediateTip, isTracked: true, position: SIMD3<Float>(-0.9694061, -0.24143621, -0.044276524)
        - name : ringFingerIntermediateTip
        - isTracked : true
        ▿ transform : simd_float4x4([[-0.9694061, -0.24143621, -0.044276524, 0.0], [0.23651735, -0.967009, 0.09462074, 0.0], [-0.06566067, 0.08125363, 0.9945284, 0.0], [0.074904844, 0.041404657, 0.015551806, 1.0000001]])
          ▿ columns : 4 elements
            ▿ .0 : SIMD4<Float>(-0.9694061, -0.24143621, -0.044276524, 0.0)
              ▿ _storage : SIMD4Storage
                - _value : (Opaque Value)
            ▿ .1 : SIMD4<Float>(0.23651735, -0.967009, 0.09462074, 0.0)
              ▿ _storage : SIMD4Storage
                - _value : (Opaque Value)
            ▿ .2 : SIMD4<Float>(-0.06566067, 0.08125363, 0.9945284, 0.0)
              ▿ _storage : SIMD4Storage
                - _value : (Opaque Value)
            ▿ .3 : SIMD4<Float>(0.074904844, 0.041404657, 0.015551806, 1.0000001)
              ▿ _storage : SIMD4Storage
                - _value : (Opaque Value)
        ▿ transformToParent : simd_float4x4([[0.95303804, 0.30283687, 0.0028507682, 0.0], [-0.30284256, 0.9530387, 0.0018215675, 0.0], [-0.0021652842, -0.0025993101, 0.9999942, 0.0], [0.025875783, 1.1620078e-05, 1.3550218e-05, 1.0]])
          ▿ columns : 4 elements
            ▿ .0 : SIMD4<Float>(0.95303804, 0.30283687, 0.0028507682, 0.0)
              ▿ _storage : SIMD4Storage
                - _value : (Opaque Value)
            ▿ .1 : SIMD4<Float>(-0.30284256, 0.9530387, 0.0018215675, 0.0)
              ▿ _storage : SIMD4Storage
                - _value : (Opaque Value)
            ▿ .2 : SIMD4<Float>(-0.0021652842, -0.0025993101, 0.9999942, 0.0)
              ▿ _storage : SIMD4Storage
                - _value : (Opaque Value)
            ▿ .3 : SIMD4<Float>(0.025875783, 1.1620078e-05, 1.3550218e-05, 1.0)
              ▿ _storage : SIMD4Storage
                - _value : (Opaque Value)
    ▿ 18 : 2 elements
      - key : middleFingerMetacarpal
      ▿ value : name: middleFingerMetacarpal, isTracked: true, position: SIMD3<Float>(0.99997234, 0.0030394031, 0.0067588617)
        - name : middleFingerMetacarpal
        - isTracked : true
        ▿ transform : simd_float4x4([[0.99997234, 0.0030394031, 0.0067588617, 0.0], [-0.003054382, 0.99999267, 0.0022175927, 0.0], [-0.0067521385, -0.0022382468, 0.9999745, 0.0], [0.026575536, 7.113814e-05, -0.0042555034, 1.0]])
          ▿ columns : 4 elements
            ▿ .0 : SIMD4<Float>(0.99997234, 0.0030394031, 0.0067588617, 0.0)
              ▿ _storage : SIMD4Storage
                - _value : (Opaque Value)
            ▿ .1 : SIMD4<Float>(-0.003054382, 0.99999267, 0.0022175927, 0.0)
